structure(c(18, 18, 27, 14, 29, 19, 18, 28, 29, 24, 19, 17, 19, 
19, 14, 14, 12, 24, 21, 21, 20, 18, 32, 25, 20, 31, 24, 25, 23, 
21, 23, 23, 26, 28, 24, 27, 19, 20, 28, 30, 25, 22, -2, 25, 27, 
22, 22, 33, 54, 59, 59, 40, 41, 28, 32, 42, 43, 16, 21, 48, 26, 
18, 27, 30, 26, 22, 25, 37, 27, 18, 42, 23, 20, NaN, 25, 23, 
21, 25, 20, 58, -9, 17, 38, 26, 32, 20, 21, 52, 27, 41, 22, 39, 
35, 33, 21, 25, 31, 64, 28, 38, 21, 31, 108, 21, 43, 13, 27, 
24, 28, 34, 26, 48, 51, 45, 36, 33, 55, 54, 44, 27, 29, 35, 29, 
37, 55, 56, 39, 2, 40, 23, 37, 261, 58, 25, 199, 25, 56, 40, 
34, 39, 35, 72, 48, 31, 33, 32, 22, 116, 16, 8, 15, 11, 24, 13, 
34, 14, 13, 23, 16, 14, 22, 23, 24, 20, 16, 17, 29, 28, 14, 22, 
23, 19, 14, 19, 14, 19, 24, 14, 42, 20, 38, 26, 26, 16, 18, 34, 
20, 15, 28, 20, 22, 21, 19, 49, 21, 14, 69, 15, 33, 25, 17, 23, 
17, 20, 22, 15, 32, 23, 15, 19, 23, 16, 24, 23, 18, 26, 35, 19, 
16, 33, 21, 42, 23, 21, 18, 15, 26, 24, 23, 22, 17, 32, 29, 18, 
12, 48, 22, 19, 21, 15, 23, 22, 15, 21, 15, 14, 22, 43, 31, 19, 
18, 18, 18, 13, 14, 17, 17, 17, 17, 13, 19, 18, 18, 7, 26, 16, 
28, 22, 179, 19, 17, 36, 20, 24, 54, 17, 49, 33, 36, 18, 66, 
22, NaN, 21, 14, 24, 22, 30, 25, 21, 20, 29, 29, 47, 23, 19, 
21, 36, 28, 29, 21, 35, NaN, NaN, 157, 86, 107, 109, 99, 117, 
115, 106, 101, 91, 108, 98, 104, 112, 99, NaN, 106, 83, 90, 88, 
88, 91, 104, 87, NaN, 104, 107, 107, NaN, 88, 113, 117, 114, 
110, 118, 80, 97, NaN, 104, 87, 80, 131, 99, 84, 114, NaN, NaN, 
149, 154, 89, 129, NaN, 93, 131, 92, 98, 101, 98, 109, 87, 116, 
93, 115, 103, 108, 65, 116, 123, 118, NaN, 102, 101, 114, 115, 
89, 112, 82, 90, 75, 91, 84, 116, 119, 105, 113, 137, 62, 97, 
92, 92, 136, 131, 107, 107, 112, 151, 173, 159, NaN, 120, 192, 
138, 167, NaN, 34, 133, NaN, 81, NaN, 190, 241, 198, 221, NaN, 
NaN, 207, 82, 171, 171, 151, 140, 152, 165, 185, 100, 79, NaN, 
121, 162, NaN, 109, 114, NaN, 157, NaN, 173, NaN, 169, 146, NaN, 
153, 136, 158, NaN, 136, NaN, 141, NaN, 144, NaN, NaN, 95, NaN, 
112, 135, 107, 111, 109, 98, 111, 100, 106, 105, 106, 114, 117, 
92, 110, NaN, 116, NaN, 98, 92, 108, 137, 89, NaN, 111, 96, 80, 
112, 95, 98, NaN, 95, 105, 110, 117, 104, 105, 101, 136, 90, 
NaN, 156, 101, 117, 113, 114, NaN, 86, 89, NaN, 109, 133, NaN, 
118, 109, 81, 85, 107, 111, NaN, 74, 90, 79, 93, 128, 103, 101, 
110, 97, 93, 90, 125, 98, 92, 74, NaN, 94, 117, 111, NaN, NaN, 
106, 88, 116, 97, 88, 106, 102, 76, 101, 104, 111, 185, NaN, 
114, 73, 104, 106, 101, 104, 80, 202, 99, 108, 90, 110, 97, 97, 
451, 116, 99, NaN, 114, NaN, 116, NaN, 128, 124, 146, 84, NaN, 
147, 131, 134, 110, 240, 99, 159, 108, 107, NaN, 97, 133, 210, 
NaN, 107, 115, 131, 129, 101, 108, 111, 120, 159, 125, 97, NaN, 
NaN, 175, 249, NaN, 197, 213, 183, NaN, 202, 211, 194, 186, 199, 
181, 193, 251, 211, NaN, 203, 178, 183, 192, 171, 183, 194, 168, 
NaN, 200, 198, 195, NaN, 109, 197, 209, 273, 221, NaN, 191, NaN, 
NaN, 270, 182, 167, 263, 209, 177, NaN, NaN, NaN, 248, 253, 177, 
238, NaN, 199, 222, 189, 201, 206, 184, 194, 178, 223, 193, 226, 
196, 200, 175, 221, 229, 215, NaN, 230, 206, 217, 211, 202, 209, 
184, 175, 164, 180, 192, 205, 194, 182, 284, NaN, 228, 192, 176, 
251, NaN, 269, 216, 208, 217, 281, 317, NaN, NaN, 236, 308, 192, 
265, 173, 202, 232, 193, 218, NaN, 286, NaN, NaN, NaN, NaN, NaN, 
NaN, NaN, 312, NaN, 253, NaN, 315, NaN, NaN, 182, NaN, NaN, NaN, 
NaN, NaN, NaN, NaN, NaN, NaN, NaN, 287, NaN, NaN, 288, NaN, NaN, 
277, NaN, 240, 241, NaN, 321, 197, NaN, NaN, NaN, NaN, NaN, 192, 
NaN, 188, 210, 208, 187, 201, 190, 198, 212, 185, NaN, 219, 177, 
190, 410, 194, NaN, 187, 178, 198, 238, 169, NaN, 193, 221, 168, 
302, 185, 186, NaN, 185, 187, 203, 235, 236, 209, 192, 220, 200, 
NaN, NaN, 324, 213, 203, 226, NaN, 177, 174, NaN, 254, 236, NaN, 
231, 223, 170, NaN, 202, 212, NaN, 172, 263, 173, 128, 234, 196, 
NaN, 202, 183, 184, 183, 226, 184, 185, 162, NaN, 185, 211, 237, 
NaN, NaN, 197, 192, 223, 162, 184, 212, 196, 161, 212, 216, 222, 
275, NaN, 320, 171, 202, 255, NaN, 270, 171, 341, 211, 199, 208, 
199, 195, 196, NaN, 316, 184, NaN, 214, NaN, 224, NaN, 232, 234, 
265, 180, NaN, 272, 242, 246, 232, 240, 250, 292, 213, NaN, 212, 
215, 266, NaN, NaN, 247, 257, 278, 253, 191, 227, 226, 265, 286, 
249, 223, 284, 438, NaN, NaN, 451, 481, 436, 436, 455, 445, 434, 
427, 438, 436, NaN, 422, 430, 414, 463, 442, 422, 419, 451, 432, 
424, 421, 442, 427, 428, 418, 415, 420, 410, NaN, 422, NaN, 408, 
NaN, NaN, 415, 427, 408, 419, NaN, 418, 483, 417, NaN, NaN, NaN, 
NaN, 506, 467, NaN, NaN, 446, 463, 457, 428, 468, 458, 470, 434, 
449, NaN, 425, 441, NaN, 465, NaN, 395, NaN, NaN, NaN, NaN, 412, 
417, 406, 429, 413, 448, NaN, 401, 395, 383, 388, 373, 380, NaN, 
NaN, NaN, NaN, NaN, NaN, 454, 377, 383, 426, 441, 416, 425, 332, 
397, NaN, 360, 390, 381, 362, 373, NaN, NaN, NaN, 363, NaN, NaN, 
402, 331, NaN, 365, 350, NaN, NaN, NaN, NaN, NaN, NaN, NaN, NaN, 
NaN, NaN, NaN, NaN, NaN, 348, NaN, 1470, 276, NaN, NaN, NaN, 
NaN, NaN, NaN, NaN, NaN, NaN, NaN, NaN, NaN, NaN, 503, 476, 478, 
481, 479, NaN, NaN, NaN, 465, 454, 458, 463, NaN, NaN, NaN, 469, 
NaN, NaN, 458, 448, 454, 437, 447, NaN, 442, 448, 484, 459, 459, 
NaN, 443, 451, NaN, 444, NaN, 423, 459, 436, 415, NaN, 440, 457, 
450, 427, 450, 434, 414, NaN, 446, 422, 411, 422, NaN, 438, 462, 
NaN, 442, NaN, NaN, NaN, NaN, 445, 443, 444, 473, NaN, 447, NaN, 
431, 431, 448, 402, 456, 431, 455, NaN, 453, 438, 425, 431, 423, 
NaN, NaN, 437, 520, NaN, NaN, NaN, 418, NaN, NaN, NaN, NaN, 401, 
NaN, 427, 436, NaN, 490, NaN, 416, 396, 391, NaN, NaN, 404, 391, 
425, 422, 416, 419, 432, 417, 417, 401, NaN, 376, 380, 365, NaN, 
371, 366, NaN, NaN, 367, 436, NaN, 420, 459, 412, 390, NaN, NaN, 
NaN, 376, 363, 360, NaN, NaN, NaN, NaN, 401, 406, 393, 412, 397, 
NaN, 372, 409, 457, 388, 367, NaN), .Dim = c(302L, 4L), .Dimnames = list(
    NULL, c("TID1", "TID2", "TID3", "TID4")))
