structure(c(0.7849, 1.6332, 0.03685, 2.9931, 0.1545, 2.4741, 
1.5752, 2.2008, 0.2106, 2.9649, 2.8397, 2.7412, 3.001, 0.5214, 
1.335, 0.382, 0.3389, 2.6579, 3.0152, 0.1327, 0.506, 2.6894, 
0.2909, 3.6683, 1.875, 3.0501, 3.2115, 1.4915, 0.1966, 2.7605, 
1.0624, 0.2526, 0.08177, 2.7517, 2.826, 2.8305, 1.7739, 0.8067, 
0.7226, 3.2465, 0.6349, 0.673, 3.1832, 3.0542, 3.4938, 2.1702, 
3.0005, 2.1315, 1.9746, 1.9959, 2.9494, 2.8628, 0.3884, 2.5033, 
0.1013, 2.0634, 2.7155, 1.5266, 3.9401, 2.3005, 3.9322, 0.1632, 
2.9998, 1.0525, 2.1525, 2.622, 0.1174, 2.6857, 3.6208, 0.6954, 
0.08578, 1.1053, 0.3624, NaN, 2.7514, 2.7655, 2.9321, 2.958, 
1.474, 0.3033, 1.3276, 2.0922, 0.28, 1.057, 0.7519, 3.3005, 3.4459, 
0.6233, 2.9343, 3.384, 0.3516, 3.4402, 2.1822, 0.8736, 3.3096, 
1.4522, 0.09589, 0.2038, 0.4145, 0.745, 0.5133, 3.2426, 0.4155, 
3.349, 1.8092, 1.3603, 0.2142, 0.1485, 0.797, 2.291, 0.2372, 
1.4079, 0.722, 1.432, 1.0902, 3.2086, 3.2538, 0.05398, 1.196, 
0.2889, 3.4776, 2.0213, 0.09894, 0.617, 0.1573, 1.2021, 0.5764, 
0.06799, 0.8788, 0.9143, 0.3884, 0.02815, 1.5776, 0.07864, 1.1782, 
1.9904, 1.9874, 0.1359, 0.8698, 0.2894, 0.9558, 1.0838, 0.06183, 
3.3598, 0.1645, 3.1133, 3.0386, 0.2552, 1.2709, 2.651, 1.3372, 
2.5659, 0.5318, 2.8299, 3.3714, 0.7362, 3.1116, 0.3545, 3.2628, 
1.1347, 3.5424, 3.3926, 1.4782, 3.1452, 3.4082, 3.0965, 1.3497, 
3.0488, 0.87, 3.216, 0.6351, 3.439, 1.8027, 3.3305, 1.0118, 3.1542, 
0.3674, 1.0418, 0.2074, 3.1869, 0.1488, 1.9527, 0.228, 3.207, 
2.9945, 1.8697, 2.4811, 2.9458, 3.1673, 0.1066, 1.4114, 0.3566, 
2.3364, 1.3373, 0.8653, 3.0493, 1.0563, 2.9024, 0.1335, 0.7961, 
0.1433, 0.3547, 3.5021, 2.4163, 2.6609, 3.2809, 0.6347, 3.2974, 
3.2126, 0.6224, 0.9104, 3.2151, 3.0845, 1.7721, 3.3652, 1.9792, 
0.1062, 3.2224, 0.1659, 1.4133, 3.2321, 3.5879, 0.1584, 2.7603, 
2.9963, 0.4142, 3.2429, 3.2641, 0.1725, 2.6174, 2.8629, 1.7903, 
3.1935, 2.5976, 2.1873, 2.3087, 3.043, 0.1758, 3.232, 2.2337, 
2.1908, 0.5569, 0.1609, 0.752, 0.1402, 1.6888, 2.6411, 1.2329, 
3.2764, 0.9896, 1.7857, 0.1539, 3.2077, 0.1177, 0.2773, 2.1996, 
3.2095, 1.165, 3.3725, 2.5393, 3.2605, 2.0126, 3.2121, 1.1048, 
0.6829, 2.7664, 0.1835, 3.2639, 1.182, 3.0256, 0.05777, 0.9078, 
1.0707, 1.7758, 2.9426, 1.1064, 2.5715, 2.9926, 0.7176, 2.5967, 
0.6916, 3.4183, NaN, 2.979, 2.4798, 3.4277, 1.7547, 2.2038, 0.1599, 
2.1676, 3.4117, 2.6594, 3.3429, 3.3465, 1.66, 3.4399, 0.1102, 
2.9419, 1.1568, 0.8578, 0.9286, 0.5078, NaN, NaN, 0.02294, 1.8418, 
0.05469, 0.5328, 1.1623, 0.816, 0.02703, 1.128, 1.1405, 1.6083, 
1.3581, 0.1077, 0.2556, 0.3148, 0.159, NaN, 1.8076, 0.05113, 
0.1916, 1.0491, 0.1709, 3.1635, 1.6993, 2.1832, NaN, 0.6282, 
0.1353, 0.5541, NaN, 0.07256, 0.00683, 2.626, 1.2411, 1.542, 
0.5439, 0.2216, 0.2505, NaN, 0.2796, 0.3611, 2.7811, 0.6145, 
2.2716, 0.9768, 1.3696, NaN, NaN, 0.4025, 0.9553, 1.6474, 0.2017, 
NaN, 0.04633, 2.2406, 2.1885, 1.3545, 3.1647, 1.6995, 1.2464, 
0.1342, 1.32, 0.3265, 0.9782, 2.0661, 0.02294, 2.2536, 2.4452, 
0.749, 0.08393, NaN, 0.1886, 2.8713, 0.5886, 0.6084, 3.0989, 
1.088, 0.827, 0.1, 0.4828, 0.7366, 0.1461, 0.289, 0.2229, 2.3913, 
2.7416, 0.3362, 1.3305, 2.5271, 0.03325, 3.5187, 1.164, 0.7733, 
1.9999, 0.6619, 0.0726, 0.6125, 0.1338, 0.0928, NaN, 1.9345, 
0.2185, 3.4149, 0.3414, NaN, 0.2377, 0.127, NaN, 2.7537, NaN, 
0.6254, 0.3437, 0.3313, 0.1238, NaN, NaN, 0.0494, 0.181, 0.9496, 
2.1949, 0.668, 0.01989, 0.1443, 0.06361, 0.7608, 1.9534, 0.08533, 
NaN, 1.0712, 0.2756, NaN, 0.05977, 0.5237, NaN, 0.3149, NaN, 
0.2667, NaN, 0.4335, 0.6226, NaN, 2.3183, 0.05288, 0.1683, NaN, 
2.6277, NaN, 0.2439, NaN, 0.1198, NaN, NaN, 2.2034, NaN, 0.1218, 
1.6828, 0.1525, 0.8978, 0.2007, 3.1839, 2.6431, 0.2636, 1.6742, 
2.3858, 0.7417, 0.8397, 2.3207, 0.1297, 3.0366, NaN, 2.5978, 
NaN, 1.3297, 0.352, 3.2098, 0.1874, 0.5188, NaN, 1.7764, 0.1548, 
1.4032, 0.07623, 2.4408, 1.4153, NaN, 1.2175, 2.5696, 2.375, 
0.06242, 0.4236, 0.1161, 2.491, 1.9723, 0.72, NaN, 1.4487, 1.7292, 
0.07981, 0.5178, 0.04957, NaN, 3.1145, 1.1703, NaN, 2.7477, 0.1412, 
NaN, 1.9098, 0.08773, 0.2429, 3.4881, 0.6054, 0.6003, NaN, 1.0375, 
0.08013, 3.3606, 0.0231, 0.8336, 3.3983, 3.1773, 0.05537, 0.9136, 
2.4015, 0.308, 2.9603, 3.2715, 0.05837, 1.4853, NaN, 1.6939, 
3.0834, 1.9473, NaN, NaN, 2.1038, 0.1195, 1.6691, 0.5031, 1.5585, 
0.1971, 0.0995, 0.5628, 0.02065, 2.6853, 1.3691, 0.5458, NaN, 
0.3629, 0.1381, 0.1564, 1.8954, 0.1765, 0.1642, 1.1814, 1.1139, 
3.3831, 2.8989, 1.3554, 1.3819, 1.7541, 3.4592, 0.7803, 0.2355, 
0.3814, NaN, 2.9955, NaN, 2.3063, NaN, 0.4986, 0.6037, 0.9546, 
3.2167, NaN, 2.4918, 2.1884, 0.3385, 1.0607, 0.1008, 3.5075, 
0.416, 1.6071, 1.6103, NaN, 1.3482, 0.8951, 0.1353, NaN, 2.8507, 
0.8574, 1.6488, 2.7654, 0.7885, 2.9592, 2.6113, 1.0054, 1.2667, 
0.1857, 0.471, NaN, NaN, 0.5392, 0.05119, NaN, 0.06692, 0.1434, 
0.99, NaN, 0.02069, 0.5418, 0.421, 0.6677, 0.8506, 0.1006, 0.1162, 
0.1327, 0.04625, NaN, 0.8833, 0.06226, 0.09149, 0.2489, 0.1056, 
2.1967, 0.2901, 1.311, NaN, 0.1838, 0.05564, 0.4596, NaN, 0.05419, 
0.02507, 2.1998, 0.6005, 0.6916, NaN, 0.04415, NaN, NaN, 0.1946, 
0.1626, 2.2057, 0.1332, 1.1234, 0.4896, NaN, NaN, NaN, 0.3067, 
0.4518, 0.6366, 0.1349, NaN, 0.001079, 1.7646, 0.9444, 0.8208, 
2.408, 0.959, 0.1817, 0.1778, 0.3848, 0.09347, 0.3242, 1.899, 
0.02496, 1.339, 1.8649, 0.3542, 0.1689, NaN, 0.1066, 2.5457, 
0.136, 0.2034, 2.3755, 0.676, 0.3458, 0.1871, 0.3525, 0.1918, 
0.1501, 0.1828, 0.1841, 1.4569, 1.1929, NaN, 0.3083, 1.9457, 
0.05175, 2.2739, NaN, 0.4776, 0.7654, 0.1253, 0.04521, 0.4495, 
0.0915, NaN, NaN, 0.6165, 0.1575, 2.7893, 0.2363, 0.2079, 0.5421, 
0.1046, 0.09066, 1.5939, NaN, 0.5703, NaN, NaN, NaN, NaN, NaN, 
NaN, NaN, 0.569, NaN, 0.4124, NaN, 0.09127, NaN, NaN, 1.4212, 
NaN, NaN, NaN, NaN, NaN, NaN, NaN, NaN, NaN, NaN, 0.1658, NaN, 
NaN, 0.4163, NaN, NaN, 0.0468, NaN, 2.6062, 2.4658, NaN, 0.3491, 
2.3471, NaN, NaN, NaN, NaN, NaN, 0.1333, NaN, 0.242, 0.3114, 
0.2211, 3.11, 2.0873, 0.2724, 1.9043, 2.5399, 0.2813, NaN, 1, 
0.106, 2.192, 0.1141, 2.3386, NaN, 0.8875, 0.4503, 3.0855, 0.2097, 
0.1742, NaN, 1.1524, 0.3211, 1.1135, 0.1165, 1.4198, 0.7294, 
NaN, 0.5924, 1.9243, 1.6423, 0.1519, 0.2116, 0.1882, 2.1915, 
1.5153, 0.6, NaN, NaN, 1.0478, 0.1529, 0.3954, 0.04844, NaN, 
2.5238, 0.5117, NaN, 2.3432, 0.1479, NaN, 0.7558, 0.1585, 0.1602, 
NaN, 0.5984, 0.325, NaN, 0.3615, 0.1017, 1.9642, 0.1343, 0.941, 
2.6002, NaN, 2.9419, 0.8971, 2.0755, 0.2329, 2.3762, 2.8761, 
0.023, 1.0498, NaN, 1.2891, 2.6241, 1.5259, NaN, NaN, 1.4028, 
0.05439, 0.715, 0.2726, 0.9437, 0.1217, 0.03179, 0.5178, 0.01053, 
2.0578, 0.3884, 0.4966, NaN, 0.1059, 1.2896, 0.144, 0.5716, NaN, 
0.176, 0.2956, 1.4515, 2.7722, 1.2972, 0.6305, 1.1008, 0.5812, 
2.7147, NaN, 0.1052, 0.5594, NaN, 2.4647, NaN, 2.0603, NaN, 0.3062, 
0.1812, 0.7934, 2.7466, NaN, 1.804, 1.9994, 0.125, 0.5735, 0.0513, 
2.1617, 0.2425, 0.6466, NaN, 1.3551, 0.5095, 0.2554, NaN, NaN, 
1.3096, 0.3194, 0.7335, 0.7166, 0.1662, 1.6718, 2.2619, 0.4055, 
0.6877, 0.03791, 0.2953, 0.1283, 0.4688, NaN, NaN, 0.6261, 0.06181, 
0.08076, 0.8172, 0.1376, 0.02241, 0.1575, 0.2282, 0.4327, 0.3822, 
NaN, 0.1178, 0.07384, 0.06374, 0.1482, 0.4378, 0.03083, 0.01795, 
0.1407, 0.04127, 0.7908, 0.05775, 0.5003, 1.5137, 0.1013, 0.06441, 
0.09357, 0.4973, 0.0304, NaN, 1.5275, NaN, 0.22, NaN, NaN, 0.07186, 
1.1004, 0.0486, 0.08122, NaN, 0.06153, 0.2856, 0.2009, NaN, NaN, 
NaN, NaN, 0.07403, 0.07959, NaN, NaN, -0.00518, 1.0859, 0.3445, 
0.2799, 1.1289, 0.4939, 0.09799, 0.1306, 0.232, NaN, 0.3652, 
1.6307, NaN, 0.8984, NaN, 0.393, NaN, NaN, NaN, NaN, 0.04397, 
0.1082, 2.2248, 0.3001, 0.09125, 0.1214, NaN, 0.1549, 0.1105, 
0.1019, 0.1319, 1.4766, 1.129, NaN, NaN, NaN, NaN, NaN, NaN, 
0.6595, 1.281, 0.09613, 0.01595, 0.3373, 0.1089, 0.1078, 0.02963, 
0.3938, NaN, 2.0822, 0.1739, 0.1385, 0.3768, 0.09067, NaN, NaN, 
NaN, 0.5037, NaN, NaN, 0.1749, 0.5413, NaN, 0.04583, 0.04335, 
NaN, NaN, NaN, NaN, NaN, NaN, NaN, NaN, NaN, NaN, NaN, NaN, NaN, 
0.0531, NaN, 0.1606, 0.09086, NaN, NaN, NaN, NaN, NaN, NaN, NaN, 
