structure(list(N = 302L, Nobs = 946L, I = 3, SamplingTimes = c(429, 
376, 31, 44, 154, 131, 431, 177, 120, 39, 21, 183, 15, 8, 117, 
441, 19, 25, 101, 107, 503, 372, 17, 99, 19, 42, 187, 18, 16, 
110, 152, 450, 86, 21, 171, 44, 117, 419, 451, 209, 105, 27, 
194, 164, 178, 261, 203, 115, 238, 30, 20, 87, 350, 197, 431, 
402, 23, 422, 18, 179, 14, 131, 183, 436, 249, 380, 29, 54, 106, 
177, 220, 88, 14, 194, 34, 422, 114, 20, 14, 201, 17, 315, 59, 
20, 277, 38, 19, 201, 101, 427, 18, 232, 97, 36, 87, 437, 19, 
19, 465, 85, 116, 23, 116, 422, 133, 425, 23, 458, 186, 186, 
448, 25, 198, 21, 272, 95, 111, 202, 202, 104, 90, 226, 401, 
17, 465, 208, 236, 90, 21, 20, 180, 124, 222, 186, 176, 99, 81, 
383, 14, 27, 415, 100, 89, 438, 95, 197, 96, 206, 191, 458, 198, 
478, 28, 184, 76, 14, 186, 446, 74, 503, 106, 43, 54, 442, 415, 
25, 421, 254, 183, 19, 436, 20, 17, 17, 23, 116, 441, 185, 26, 
427, 43, 199, 76, 193, 412, 24, 88, 203, 22, 422, 27, 17, 223, 
18, 108, 162, 221, 110, 108, 442, 27, 36, 104, 136, 89, 185, 
109, 19, 383, 24, 436, 199, 211, 116, 168, 438, 98, 19, 198, 
266, 140, 133, 436, 24, 451, 395, 107, 24, 20, 427, 107, 26, 
97, 15, 463, 24, 188, 412, 202, 118, 187, 236, 133, 25, 98, 483, 
380, 270, 211, 116, 165, 442, 422, 18, 431, 173, 131, 177, 438, 
425, 463, 25, 230, 397, 22, 197, 45, 211, 490, 263, 434, 48, 
423, 265, 25, 425, 19, 442, 16, 417, 106, 22, 192, 202, 109, 
14, 123, 490, 29, 23, 54, 1470, 14, 416, 206, 15, 24, 97, 165, 
107, 18, 117, 410, 19, 47, 213, 201, 36, 210, 213, 80, 137, 106, 
157, 24, 128, 93, 446, 26, 214, 193, 14, 88, 198, 21, 113, 208, 
131, 91, 21, 441, 110, 284, 74, 108, 35, 80, 76, 217, 18, 457, 
221, 206, 434, 168, 109, 135, 278, 434, 171, 20, 19, 88, 178, 
104, 33, 25, 442, 241, 116, 193, 11, 21, 97, 17, 119, 419, 16, 
97, 436, 226, 33, 22, 454, 97, 21, 18, 249, 91, 135, 98, 90, 
198, 97, 438, 436, 402, 20, 18, 85, 80, 22, 20, 199, 192, 212, 
30, 104, 24, 437, 360, 93, 110, 190, 159, 324, 161, 110, 224, 
321, 449, 18, 25, 223, 18, 444, 104, 402, 117, 128, 20, 106, 
109, 213, 31, 247, 136, 161, 451, 441, 112, 167, 255, 197, 26, 
18, 194, 48, 116, 436, 192, 196, 213, 184, 390, 101, 36, 177, 
194, 159, 201, 32, 12, 455, 360, 436, 240, 20, 84, 99, 25, 249, 
131, 18, 185, 447, 116, 54, 23, 436, 445, 431, 14, 64, 198, 20, 
110, 117, 146, 104, 42, 221, 22, 18, 341, 189, 423, 22, 95, 426, 
412, 312, 14, 16, 2, 35, 14, 177, 141, 187, 16, 13, 97, 26, 28, 
348, 84, 431, 173, 20, 162, 420, 422, 114, 419, 35, 436, 20, 
236, 203, 25, 27, 415, 22, 92, 107, 123, 92, 192, 418, 25, 117, 
97, 412, 23, 406, 185, 116, 418, 442, 188, 95, 438, 451, 188, 
29, 25, 238, 27, 128, 202, 18, 156, 422, 438, 232, 178, 113, 
27, 422, 171, 104, 410, 422, 459, 25, 123, 227, 90, 91, 470, 
56, 89, 19, 23, 133, 146, 13, 101, 114, 29, 21, 19, 81, 23, 19, 
15, 108, 105, 281, 35, 412, 12, 240, 18, 54, 97, 167, 29, 22, 
35, 36, 220, 202, 107, 28, 476, 209, 458, 455, 401, 451, 110, 
484, 30, 377, 36, 107, 366, 101, 277, 24, 442, 287, 232, 18, 
423, 192, 107, 217, 112, 478, 232, 24, 196, 363, 43, 153, 412, 
48, 418, 184, 25, 371, 223, 144, 312, 13, 15, 270, 125, 43, 21, 
176, 42, 146, 18, 107, 168, 24, 428, 406, 440, 192, 226, 32, 
441, 177, 135, 19, 35, 56, 447, 175, 171, 410, 212, 109, 22, 
182, 110, 221, 25, 97, 272, 388, 21, 151, 455, 444, 415, 436, 
25, 15, 167, 454, 115, 212, 99, 128, 373, 21, 418, 447, 138, 
25, 23, 22, 183, 21, 21, 116, 102, 191, 185, 26, 15, 20, 14, 
45, 26, 19, 253, 24, 183, 23, 108, 212, 16, 92, 97, 184, 80, 
84, 236, 401, 455, 115, 187, 272, 193, 133, 69, 383, 134, 363, 
177, 29, 286, 447, 98, 420, 21, 14, 17, 19, 424, 128, 184, 212, 
459, 24, 32, 24, 317, 26, 14, 29, 458, 412, 22, 197, 448, 26, 
21, 238, 109, 224, 114, 97, 159, 223, 38, 128, 212, 92, 212, 
104, 116, 419, 11, 114, 118, 81, 101, 106, 25, 85, 506, 197, 
26, 184, 16, 29, 363, 80, 390, 251, 206, 2, 215, 427, 43, 206, 
25, 40, 213, 27, 21, 383, 186, 75, 27, 415, 109, 21, 90, 234, 
146, 23, 97, 21, 197, 174, 175, 408, 443, 99, 194, 33, 454, 99, 
98, 26, 434, 22, 18, 114, 265, 31, 101, 34, 52, 203, 20, 106, 
110, 197, 182, 411, 203, 11, 93, 185, 116, 28, 105, 221, 18, 
216, 34, 253, 101, 92, 105, 214, 106, 141, 18, 24, 14, 192, 36, 
180, 100, 33, 417, 457, 185, 26, 414, 19, 27, 458, 240, 37, 81, 
168, 275, 15, 33, 108, 479, 116, 448, 17, 14, 360, 226, 99, 197, 
462, 108, 180, 59, 21, 443, 31, 16, 193, 104, 136, 120, 211, 
136, 14, 186, 20, 192, 363, 52, 422, 27, 165, 216, 19, 90, 33, 
81, 25, 79, 458, 250, 189, 434, 373),