structure(list(N = 50, Nobs = 300, SamplingTimes = c(14L, 7L, 
9L, 5L, 8L, 1L, 6L, 4L, 15L, 12L, 4L, 1L, 11L, 3L, 8L, 9L, 9L, 
8L, 6L, 10L, 5L, 16L, 10L, 10L, 13L, 4L, 5L, 14L, 14L, 2L, 3L, 
1L, 7L, 6L, 9L, 5L, 4L, 15L, 9L, 8L, 6L, 2L, 12L, 6L, 11L, 5L, 
14L, 4L, 14L, 13L, 19L, 21L, 18L, 20L, 16L, 20L, 31L, 28L, 28L, 
16L, 26L, 25L, 20L, 28L, 16L, 23L, 17L, 27L, 29L, 31L, 31L, 16L, 
26L, 31L, 16L, 18L, 20L, 25L, 23L, 16L, 16L, 22L, 22L, 28L, 16L, 
25L, 21L, 26L, 20L, 26L, 27L, 20L, 23L, 21L, 23L, 28L, 26L, 16L, 
19L, 20L, 55L, 39L, 45L, 44L, 31L, 46L, 41L, 32L, 47L, 56L, 37L, 
39L, 36L, 37L, 55L, 52L, 35L, 54L, 54L, 32L, 33L, 62L, 55L, 33L, 
41L, 44L, 57L, 37L, 61L, 62L, 40L, 33L, 47L, 54L, 45L, 32L, 36L, 
31L, 43L, 34L, 55L, 54L, 48L, 32L, 38L, 54L, 56L, 57L, 54L, 37L, 
104L, 86L, 111L, 108L, 108L, 100L, 67L, 63L, 72L, 102L, 82L, 
104L, 79L, 67L, 124L, 74L, 77L, 82L, 111L, 111L, 84L, 95L, 110L, 
123L, 73L, 73L, 111L, 73L, 83L, 112L, 118L, 109L, 125L, 77L, 
84L, 122L, 81L, 116L, 83L, 96L, 79L, 81L, 113L, 114L, 78L, 89L, 
78L, 69L, 116L, 68L, 130L, 184L, 229L, 224L, 154L, 163L, 133L, 
219L, 133L, 162L, 248L, 204L, 248L, 221L, 185L, 210L, 216L, 228L, 
158L, 232L, 170L, 194L, 245L, 221L, 177L, 166L, 210L, 178L, 245L, 
173L, 163L, 178L, 172L, 143L, 231L, 142L, 188L, 195L, 159L, 239L, 
240L, 227L, 244L, 248L, 226L, 184L, 163L, 179L, 207L, 168L, 439L, 
271L, 462L, 261L, 457L, 406L, 493L, 435L, 339L, 261L, 445L, 465L, 
401L, 443L, 266L, 250L, 490L, 273L, 275L, 349L, 411L, 434L, 456L, 
426L, 358L, 275L, 422L, 397L, 355L, 261L, 498L, 283L, 412L, 355L, 
303L, 457L, 430L, 492L, 304L, 257L, 459L, 475L, 275L, 313L, 322L, 
328L, 271L, 381L, 468L, 257L), ID = c(1L, 2L, 3L, 4L, 5L, 6L, 
7L, 8L, 9L, 10L, 11L, 12L, 13L, 14L, 15L, 16L, 17L, 18L, 19L, 
20L, 21L, 22L, 23L, 24L, 25L, 26L, 27L, 28L, 29L, 30L, 31L, 32L, 
33L, 34L, 35L, 36L, 37L, 38L, 39L, 40L, 41L, 42L, 43L, 44L, 45L, 
46L, 47L, 48L, 49L, 50L, 1L, 2L, 3L, 4L, 5L, 6L, 7L, 8L, 9L, 
10L, 11L, 12L, 13L, 14L, 15L, 16L, 17L, 18L, 19L, 20L, 21L, 22L, 
23L, 24L, 25L, 26L, 27L, 28L, 29L, 30L, 31L, 32L, 33L, 34L, 35L, 
36L, 37L, 38L, 39L, 40L, 41L, 42L, 43L, 44L, 45L, 46L, 47L, 48L, 
49L, 50L, 1L, 2L, 3L, 4L, 5L, 6L, 7L, 8L, 9L, 10L, 11L, 12L, 
13L, 14L, 15L, 16L, 17L, 18L, 19L, 20L, 21L, 22L, 23L, 24L, 25L, 
26L, 27L, 28L, 29L, 30L, 31L, 32L, 33L, 34L, 35L, 36L, 37L, 38L, 
39L, 40L, 41L, 42L, 43L, 44L, 45L, 46L, 47L, 48L, 49L, 50L, 1L, 
2L, 3L, 4L, 5L, 6L, 7L, 8L, 9L, 10L, 11L, 12L, 13L, 14L, 15L, 
16L, 17L, 18L, 19L, 20L, 21L, 22L, 23L, 24L, 25L, 26L, 27L, 28L, 
29L, 30L, 31L, 32L, 33L, 34L, 35L, 36L, 37L, 38L, 39L, 40L, 41L, 
42L, 43L, 44L, 45L, 46L, 47L, 48L, 49L, 50L, 1L, 2L, 3L, 4L, 
5L, 6L, 7L, 8L, 9L, 10L, 11L, 12L, 13L, 14L, 15L, 16L, 17L, 18L, 
19L, 20L, 21L, 22L, 23L, 24L, 25L, 26L, 27L, 28L, 29L, 30L, 31L, 
32L, 33L, 34L, 35L, 36L, 37L, 38L, 39L, 40L, 41L, 42L, 43L, 44L, 
45L, 46L, 47L, 48L, 49L, 50L, 1L, 2L, 3L, 4L, 5L, 6L, 7L, 8L, 
9L, 10L, 11L, 12L, 13L, 14L, 15L, 16L, 17L, 18L, 19L, 20L, 21L, 
22L, 23L, 24L, 25L, 26L, 27L, 28L, 29L, 30L, 31L, 32L, 33L, 34L, 
35L, 36L, 37L, 38L, 39L, 40L, 41L, 42L, 43L, 44L, 45L, 46L, 47L, 
48L, 49L, 50L), TestData = structure(c(10.9597631664691, 3.70964569944656, 
4.03348506143262, 9.03596786736482, 6.98745832711789, 2.62614556548152, 
17.7621909843265, 3.79747148942852, 8.84733638967703, 9.78155541736566, 
3.31999954443825, 1.09610725951673, 4.06091545977799, 4.71975180318044, 
2.18352086480236, 7.92362202773876, 9.90337722427546, 14.7247658063282, 
3.7364666652046, 16.8723777845703, 4.45228040587233, 14.9290595660802, 
1.32669847486703, 29.0793176926994, 86.7017441817846, 9.67006638061036, 
4.02948487023742, 28.4462994404729, 6.97068891378776, 1.48842803600854, 
7.85080232826585, 1.58024424163555, 23.2018489211987, 6.06130049780822, 
4.96481886795005, 21.6106914855656, 4.69528521288325, 12.7433786997369, 
4.44208358906107, 10.7167416981478, 14.7511755124683, 0.96937001935821, 
8.37028760423927, 1.98417842249506, 18.8751559643926, 7.19908805149602, 
15.5776913850945, 3.36130534206144, 17.8601244206695, 18.9932020067615, 
10.8969821817985, 17.1731883662963, 11.2093969963137, 18.8370933050601, 
22.2441454640818, 27.1524725494069, 24.0956824881329, 21.9118204877469, 
22.906952974516, 8.56825229438376, 17.9208772355147, 21.2257437858048, 
3.61700869845531, 20.745167969703, 3.81612588286763, 18.3752594623657, 
33.1214685009844, 17.2908428471492, 11.1490048894897, 17.3761082126838, 
8.52316828484671, 3.15299794683333, 7.57157832546253, 12.351820628433, 
26.1626910612253, 19.7612494603517, 10.0938196227341, 12.1374303378504, 
4.74136404034503, 7.64432344283784, 11.3350780329827, 18.7862856717524, 
30.8795135661064, 18.1957731055735, 15.9642026145894, 37.053492975181, 
26.1973075201542, 52.8716832131084, 13.2257134622007, 8.96443629529495, 
9.12865531069029, 19.4624782605938, 6.01960732801785, 15.9166444443128, 
12.5510571465892, 19.4003005380982, 63.828265650961, 11.3218520823454, 
63.8333176279327, 7.3854575736174, 25.9997390485812, 29.5629913199502, 
13.186976142903, 29.4995503182286, 23.5689448989245, 22.8120811891947, 
88.7030210264641, 21.9782735246344, 25.0443667252655, 7.07572287557666, 
21.5633722583131, 46.7100630435094, 11.7858503153747, 15.7157174317273, 
2.7731124223376, 21.0144617680889, 11.1498821201695, 56.2380800725237, 
9.26968893104343, 21.6724080342894, 34.4634947130663, 8.93446414336759, 
6.44672152199063, 23.8152476509165, 57.3090791216017, 20.5565252137358, 
3.56176923090973, 18.118866538022, 5.81934219290546, 2.30646656594693, 
30.8825925388822, 7.37135636390947, 8.81092624311803, 35.8606076686338, 
20.0091216676313, 41.4516769363975, 22.5857696609995, 82.1191000451375, 
36.0581282947714, 16.083907337533, 10.2379326247333, 9.74314781035171, 
9.80369107483917, 14.0637085019195, 23.4184190171113, 8.45890456307352, 
28.8740146272871, 19.0914416999702, 20.3677194372642, 9.31325308576419, 
4.959408334589, 11.6951443426482, 3.98190375028214, 3.58077148830629, 
10.9773644732199, 4.30989001338171, 34.6727991707211, 21.3253128189067, 
19.1969752956424, 10.0254707594413, 12.8078185808804, 5.04805420189778, 
7.02539438429813, 14.6225275829568, 0.0709309325658771, 5.43088978081051, 
30.4769178021234, 36.0032072247245, 4.99247079270758, 7.01806487167758, 
18.5304457343208, 4.21307400134723, 4.10810363769076, 7.20695466367899, 
12.6583799729812, 7.09409747968375, 2.73166249080579, 26.8821782699651, 
0.995457726569485, 1.19454860665761, 4.63595005484661, 5.72198244981652, 
6.79988873977597, 20.0945824992112, 5.11882521010557, 38.7516203321113, 
3.10813483156178, 16.3690878327969, 9.18053629917779, 2.70232946696884, 
6.57302536163929, 15.4606928295008, 5.02189370969005, 6.47627300553871, 
9.62989323002644, 4.41852988646213, 18.8099958926209, 4.44994395120004, 
6.70238386838612, 9.0336447298109, 1.886228826408, 1.1747877646081, 
1.05905962493217, 1.07275947493933, 7.7708141519985, 0.647968853735095, 
5.5966621339871, 1.93267153892977, 11.6935741815307, 2.3030462304726, 
0.482957812317678, 0.941758436255426, 0.11835036975048, 0.255720138163901, 
0.0435594751791308, 0.219250634209905, 4.62414069599063, 3.77308942260832, 
7.191242395684, 0.514141055033985, 8.24074790281979, 0.7946730109894, 
0.137959077912453, 1.22737614025599, 8.54402225815574, 0.779376694110584, 
0.119005907916302, 1.53454016337457, 0.112669088050544, 0.308504617912606, 
2.29987709534197, 5.60118056527569, 4.57670580665715, 1.36269365225568, 
1.50886914505292, 27.3803753630541, 0.140294359648288, 5.63017618993907, 
5.80333083473552, 0.179034888395443, 0.27282954662965, 0.265256888013611, 
0.0606366205608673, 0.738084180483208, 1.62115907202963, 0.111271695504254, 
2.17101130335401, 3.50555582238187, 0.503063170125976, 0.394171624771547, 
0.110207584109195, 0.356898765254808, 0.268388394375901, 0.852416027272673, 
0.559073823474979, 0.223378875742782, 0.270365749115592, 0.609787205706342, 
0.627178202000789, 1.40541972130715, 0.0670978516034394, 0.178541200938522, 
