structure(list(N = 302L, Nobs = 946L, I = 3, SamplingTimes = c(114, 
17, 192, 219, 30, 31, 25, 15, 186, 192, 115, 416, 99, 203, 25, 
417, 184, 194, 97, 182, 23, 107, 397, 33, 21, 74, 108, 490, 180, 
454, 92, 76, 31, 209, 116, 221, 121, 211, 462, 136, 459, 438, 
162, 33, 101, 104, 35, 56, 76, 26, 484, 418, 42, 95, 236, 193, 
365, 265, 14, 162, 79, 200, 34, 265, 101, 436, 22, 131, 21, 180, 
198, 14, 116, 19, 32, 26, 171, 197, 16, 29, 447, 427, 106, 101, 
455, 221, 208, 17, 86, 157, 41, 80, 223, 287, 420, 360, 107, 
235, 192, 238, 29, 463, 23, 159, 99, 450, 18, 104, 410, 350, 
212, 275, 436, 25, 99, 411, 376, 146, 107, 171, 111, 109, 90, 
363, 123, 20, 83, 420, 18, 33, 442, 27, 25, 49, 180, 25, 414, 
33, 177, 196, 202, 152, 422, 187, 27, 19, 272, 367, 185, 107, 
26, 93, 18, 436, 112, 210, 159, 40, 410, 144, 32, 175, 80, 203, 
177, 23, 30, 417, 28, 270, 468, 109, 194, 119, 229, 454, 218, 
97, 80, 383, 22, 266, 425, 20, 109, 23, 455, 134, 362, 427, 84, 
98, 457, 227, 29, 441, 17, 176, 20, 110, 211, 100, 19, 427, 25, 
20, 341, 110, 18, 240, 188, 106, 401, 317, 17, 226, 414, 171, 
24, 80, 190, 92, 520, 255, 417, 108, 206, 207, 62, 25, 110, 251, 
76, 467, 41, 19, 156, 106, 202, 198, 217, 47, 177, 221, 38, 24, 
177, 134, 270, 18, 211, 196, 232, 115, 101, 16, 22, 212, 124, 
210, 360, 20, 438, 223, 107, 106, 129, 14, 200, 105, 20, 177, 
193, 427, 230, 19, 447, 373, 42, 221, 411, 484, 37, 341, 22, 
451, 40, 30, 101, 135, 19, 165, 380, 33, 19, 434, 101, 153, 110, 
26, 21, 197, 89, 207, 465, 15, 168, 436, 24, 97, 25, 227, 88, 
94, 43, 159, 200, 38, 96, 49, 28, 441, 20, 54, 24, 128, 470, 
257, 255, 157, 415, 58, 463, 443, 23, 13, 108, 27, 86, 254, 14, 
117, 421, 19, 133, 18, 112, 420, 107, 18, 175, 56, 24, 54, 448, 
34, 196, 408, 427, 24, 7, 17, 183, 93, 209, 109, 69, 98, 28, 
159, 24, 23, 172, 107, 104, 232, 454, 27, 26, 422, 108, 29, 211, 
13, 24, 459, 443, 22, 109, 436, 26, 25, 332, 187, 73, 188, 287, 
107, 99, 116, 104, 92, 25, 192, 238, 463, 251, 240, 176, 86, 
442, 484, 19, 459, 381, 136, 26, 199, 24, 117, 22, 90, 157, 202, 
101, 312, 237, 208, 211, 26, 98, 34, 401, 363, 269, 29, 380, 
422, 275, 418, 82, 249, 179, 40, 20, 376, 116, 200, 180, 397, 
454, 186, 171, 106, 19, 19, 85, 224, 27, 192, 24, 100, 414, 174, 
197, 278, 373, 265, 86, 419, 109, 419, 107, 169, 192, 401, 175, 
26, 109, 263, 97, 136, 16, 448, 88, 19, 109, 32, 22, 16, 114, 
401, 15, 210, 87, 183, 184, 18, 14, 120, 196, 34, 55, 51, 27, 
18, 34, 19, 223, 422, 51, 451, 182, 401, 287, 459, 151, 15, 35, 
181, 104, 19, 49, 213, 450, 92, 116, 20, 92, 14, 87, 427, 234, 
49, 425, 19, 98, 113, 445, 465, 12, 24, 101, 409, 198, 15, 112, 
33, 436, 247, 230, 35, 82, 192, 228, 253, 114, 23, 22, 455, 88, 
185, 15, 227, 390, 14, 360, 84, 89, 168, 215, 202, 23, 23, 185, 
72, 110, 240, 185, 27, 87, 137, 185, 101, 468, 100, 419, 31, 
104, 229, 16, 388, 115, 88, 321, 137, 152, 29, 185, 110, 96, 
97, 422, 19, 16, 463, 457, 436, 96, 422, 89, 202, 114, 265, 185, 
187, 14, 22, 102, 388, 22, 28, 437, 161, 459, 93, 178, 463, 26, 
92, 436, 286, 177, 448, 273, 92, 97, 440, 24, 221, 54, 193, 211, 
391, 98, 427, 20, 171, 14, 25, 21, 20, 113, 27, 133, 125, 36, 
226, 212, 172, 26, 177, 432, 468, 175, 124, 465, 80, 185, 341, 
87, 199, 187, 312, 173, 246, 98, 23, 32, 34, 21, 137, 422, 223, 
397, 36, 185, 42, 114, 141, 422, 33, 445, 211, 93, 17, 458, 232, 
173, 425, 88, 17, 416, 20, 205, 98, 86, 20, 253, 417, 29, 28, 
212, 90, 48, 14, 37, 410, 26, 402, 286, 117, 129, 109, 190, 39, 
242, 79, 24, 249, 324, 55, 454, 196, 168, 410, 18, 200, 16, 22, 
171, 184, 118, 215, 197, 56, 308, 23, 425, 58, 110, 22, 341, 
438, 188, 316, 91, 458, 253, 107, 265, 206, 104, 104, 183, 446, 
101, 54, 377, 415, 284, 42, 92, 415, 183, 109, 29, 451, 116, 
82, 90, 38, 109, 261, 316, 363, 90, 87, 133, 451, 442, 208, 348, 
20, 426, 187, 104, 236, 208, 19, 91, 18, 92, 192, 208, 41, 18, 
28, 390, 24, 22, 89, 33, 442, 278, 265, 212, 236, 208, 98, 196, 
29, 447, 178, 21, 192, 350, 111, 373, 113, 184, 231, 22, 106, 
201, 443, 234, 133, 457, 110, 21, 112, 29, 197, 24, 89, 19, 108, 
25, 35, 438, 23, 97, 216, 151, 381, 104, 195, 214, 49, 202, 147, 
422, 157, 107, 110, 22, 21, 373, 107, 119, 16, 478, 184, 120, 
202, 21, 22, 17, 445, 108, 110, 19, 136, 48, 395, 209, 186, 1470, 
196, 401, 223, 451, 428, 107, 102, 34, 427, 21, 459, 22, 463, 
251, 257, 48, 423, 40, 412, 444, 254, 19, 315, 438, 14, 367, 
14, 109, 23, 223, 21, 210, 88, 23, 183, 458, 111, 34, 428, 171, 
84, 192, 184, 441, 23, 206, 380, 459, 164, 402, 27, 31, 97, 206, 
261, 423, 208),